10006	,2.76
10019	,3.32
10024	,3.36
10025	,2.87
10034	,2.62
10048	,2.87
1007	,3.12
10076	,2.83
10077	,3.76
10080	,4.32
10082	,2.68
10089	,2.65
10100	,2.85
10104	,3.61
10108	,2.23
10109	,2.86
10127	,3.02
10187	,2.23
10188	,2.73
10194	,2.5
10195	,3.42
10219	,2.8
10237	,2.57
10248	,2.53
10255	,3.86
10284	,3.51
10319	,2.95
10321	,3.91
10349	,3.2
10350	,3.22
10354	,3.75
10368	,2.42
10391	,2.74
10404	,2.84
10415	,2
10428	,3.68
10429	,3.31
1046	,3.33
10462	,2.28
1048	,2.92
10493	,3.11
10522	,2.63
1054	,2.31
10540	,2.5
10555	,2.53
10561	,3.7
10572	,2.63
10576	,3.55
10578	,3.29
10589	,3.16
1059	,1.96
10595	,2.86
1061	,3.48
10659	,2.6
10662	,3.87
10663	,2.28
10670	,2.71
10676	,2.95
10686	,3.88
10692	,3.75
10712	,3.21
10721	,2.99
10733	,3.26
10734	,3.79
10735	,2.73
10743	,3.91
10747	,3.6
10750	,3.41
10757	,3.95
1076	,3.48
10762	,2.83
10774	,3.84
10777	,2.86
1078	,2.41
10780	,2.56
10781	,3.04
10792	,3.7
10800	,3.52
10810	,3.51
10826	,2.34
10835	,3.26
10836	,3.31
10843	,2.42
10845	,2.91
10846	,2.97
10851	,3.81
10870	,2.72
10889	,3.4
10900	,2.78
10903	,3.54
1091	,2.11
1092	,3.12
10921	,2.96
10926	,3.01
10939	,2.87
10943	,3.22
10947	,4.34
10959	,3.34
10978	,2.51
10992	,2.73
1100	,2.25
11003	,3.11
11007	,3.56
11009	,2.12
11011	,2.14
11021	,3.13
11025	,3.21
11027	,2.84
11034	,3.01
1104	,3.1
11041	,2.84
11048	,2.57
11054	,2.04
11056	,3.39
11076	,3.04
11080	,2.98
11086	,2.74
11088	,4
11098	,2.88
111	,3.04
11107	,3.38
11124	,3.93
11133	,2.78
11158	,3.12
11159	,2.53
11177	,2.84
11182	,3.52
11197	,3.09
11213	,3.16
1122	,2.46
1123	,3.73
11232	,2.35
11235	,2.55
11236	,4.02
11237	,3.83
11238	,3.21
11240	,3.19
11245	,3.01
11253	,2.74
11259	,3
11261	,3.27
11284	,3.26
11286	,2.99
11288	,2.51
11292	,3.78
11294	,2.03
11295	,3.5
11307	,3.54
11312	,2.4
11316	,2.75
11317	,3.07
11319	,2.07
11330	,2.92
11339	,2.72
1134	,3.46
11340	,2.73
11344	,2
11347	,2.98
11348	,3.14
11352	,3.05
11376	,2.96
11380	,2.79
11391	,3.99
11395	,2.4
1140	,3.04
11408	,2.75
11412	,3.06
11418	,2.48
11436	,2.57
11442	,3.23
1146	,2.94
11463	,3.04
11493	,1.88
11496	,2.7
11505	,2.95
11510	,2.36
11511	,2.62
11513	,2.37
11536	,2
11563	,3.19
11567	,3.61
11613	,3.63
11614	,3.3
11616	,3.16
11631	,1.93
11637	,3.76
11638	,3.53
11651	,3.59
11657	,2.05
1167	,2.98
11673	,3.38
11686	,1.56
11688	,3.73
11689	,2.74
11690	,2.65
11723	,2.56
11732	,3.31
11757	,2.13
11766	,2.55
11775	,3.21
11786	,3.45
11806	,3.11
11812	,4.15
11824	,3.52
11829	,3.47
11835	,2.87
11837	,3.22
11838	,3
11839	,3.8
11851	,3.5
11866	,2.22
11867	,2.44
1188	,2.64
11884	,3.52
11887	,3.36
11888	,3.73
1190	,2.86
11902	,3.33
11908	,2.81
1192	,2.61
11923	,2.93
11951	,2.48
11952	,2.86
11965	,3.77
11966	,2.76
12010	,3.27
1202	,3.76
12046	,3.41
1205	,1.83
12059	,3.01
12100	,4.1
12117	,2.46
12123	,1.73
12125	,4.14
1213	,3.88
12133	,2.29
12156	,3.03
12159	,3.91
12170	,3.02
12178	,3.64
12180	,3.55
12184	,4.23
12189	,2.54
12199	,2.43
122	,2.9
12202	,2.97
12230	,3.4
12232	,3.33
12243	,3.12
12246	,3.75
12273	,2.93
12275	,3.08
12276	,2.63
12280	,3.71
12284	,2.5
12291	,3.4
12292	,3.68
12293	,4.46
12298	,3.96
123	,2.76
12336	,3.33
12348	,3.33
12355	,2.94
12372	,3.22
12386	,3.04
12391	,3.37
12396	,2.85
12413	,3.53
12419	,2.48
12421	,3.27
12422	,3.02
12423	,3.37
12432	,2.94
12452	,2.95
12455	,2.35
12472	,2.57
12482	,3.51
12488	,3.81
12496	,2.63
12497	,3.32
12503	,3.07
12504	,3.3
12510	,2.48
1252	,2.9
12538	,3.48
12544	,3.59
1256	,4.41
12589	,4.04
1260	,3.07
12604	,2.76
12606	,2.33
12607	,3.59
12623	,3.52
12627	,3.6
12634	,3.45
12639	,3.64
12653	,2.8
12661	,3.36
12679	,2.71
1268	,2.04
12682	,3.06
12683	,3.03
12695	,2.99
127	,2.63
12700	,2.83
12705	,2.67
12709	,2.89
12733	,2.15
12755	,3.95
12757	,3.39
12760	,3.28
12775	,2.87
12778	,3.64
12780	,2.66
12793	,3.63
12795	,3.52
12798	,2.96
12812	,3.6
12822	,3.75
12824	,3.7
12847	,2.91
12852	,3.41
12855	,3.91
12863	,2.5
12864	,2.81
12875	,3.67
12887	,1.56
1289	,2.56
12894	,3.54
12912	,3.18
12920	,2.92
12936	,2.18
12946	,4.03
12948	,3.37
12952	,3.8
12957	,2.59
12969	,2.92
12977	,3.2
12993	,3.52
13015	,3.91
13022	,2.96
13032	,3
13046	,3.59
1305	,3.32
13055	,3.41
13059	,2.2
13099	,3.5
13107	,3.78
13110	,3.04
1313	,3.09
13137	,2.48
13145	,2.75
13150	,2.14
13154	,2.85
13186	,3.7
13188	,2.83
13199	,2.97
13212	,3.04
13215	,2.08
13218	,2.51
13235	,2.44
13242	,3.05
13262	,2.26
13270	,3.62
13288	,2.88
13289	,2.89
13298	,3.34
13299	,2.11
13305	,1.84
13326	,3.56
13328	,3.33
1333	,2.59
13334	,2.99
13339	,2.86
13360	,2.54
13363	,2.76
13377	,3.72
13387	,3.34
1340	,2.83
1343	,2.51
13431	,2.07
13432	,2.92
13438	,2.73
13451	,3.59
13456	,2.8
13461	,2.65
13464	,2
13477	,3.52
13485	,2.83
13489	,3.16
13507	,2.75
13519	,2.75
13531	,2.33
1356	,2.88
13561	,3.68
13563	,3.1
13565	,3.06
13569	,2.95
13587	,3.31
13589	,2
13590	,2.56
13601	,3.03
13604	,3.21
13606	,3.07
13608	,3.77
13614	,3.96
13632	,2.75
13633	,3.42
13636	,3.93
13638	,2.61
13651	,3.6
13664	,2.55
1367	,3.49
13674	,3.15
13677	,2.3
13680	,2.68
13682	,2.74
13686	,3.71
13744	,3.31
13748	,3.33
13758	,2.71
13760	,3.02
13769	,1.76
13783	,3.43
13787	,3.45
13802	,3.38
13817	,2.18
13823	,2.73
13828	,2.38
13831	,3.45
13835	,4.03
13838	,3.14
13853	,3.01
13858	,3.05
13861	,2.47
13877	,3.82
13878	,3.87
1388	,2.56
13887	,3.59
13899	,3.38
13905	,2.85
13909	,3.49
13911	,2.61
13912	,3.56
13927	,3.83
13934	,3.59
13936	,2.99
13938	,2.68
13964	,3.89
13965	,2.87
13989	,3.21
140	,2.39
14013	,3.33
14046	,2.85
1406	,3.28
1407	,2.83
14070	,3.31
14072	,3.59
14075	,3.33
14077	,2.46
14079	,2.99
14086	,3.97
14088	,3.13
14089	,3.22
14096	,3.7
14099	,1.98
14100	,2.77
14136	,2.6
14137	,2.88
14144	,3.58
14154	,3.23
14169	,2.84
14171	,3.22
14177	,3.45
14185	,4.07
14189	,2.9
14198	,3.95
14199	,3.36
14203	,3
14209	,3.52
14216	,3.75
14231	,2.66
14234	,3.29
14244	,3.25
14248	,3.58
1425	,3.65
14255	,2.33
14258	,3.46
14272	,3.77
14279	,2.26
14282	,2.68
14283	,4.42
14290	,2.53
14292	,2.42
1430	,2.37
14314	,2.64
14317	,2.95
1432	,3.02
14320	,4.02
14324	,2.45
14329	,2.51
14335	,3.46
14347	,2.6
14354	,2.38
14361	,4.03
14372	,3.75
14380	,2.7
14386	,3.02
14392	,2.99
14407	,3.58
14429	,3.64
14430	,3.58
1444	,3.48
14440	,2.59
14442	,2.72
14457	,3.58
14459	,3.53
14462	,2.4
14469	,2.49
14470	,2.12
14484	,3.4
14492	,3.52
14496	,3.95
145	,2.99
14503	,3.13
14505	,3.41
14506	,3.68
14518	,2.97
14537	,3.79
1455	,3.03
14551	,2.7
14552	,2.86
14560	,3.29
14575	,2.69
14581	,2.78
14594	,2.29
14611	,3
14625	,2.21
1464	,2.49
14643	,3.53
14645	,2.85
14648	,4.35
14712	,3.16
14716	,3.68
14720	,3.64
14722	,2.89
14732	,3.55
14738	,3.18
14740	,1.54
14743	,2.72
14775	,1.62
14793	,2.76
14800	,3.76
14807	,3.8
14808	,3.63
14810	,3.41
1482	,3.2
14826	,3.22
14836	,2.6
1484	,3.05
14859	,4.06
1488	,3.84
14902	,2.65
14904	,3.73
14930	,3.28
14932	,2.65
14941	,3.83
14947	,3.04
14957	,1.73
14962	,2.28
14983	,3.63
14995	,2.59
1500	,3.7
15005	,2.51
15020	,2.97
15033	,3.56
15040	,3.42
15051	,2.93
15060	,2.55
15071	,3.19
15074	,2.18
15083	,1.63
15085	,3.4
15115	,3.11
15121	,3.05
15122	,3.08
15135	,2.38
15142	,2.74
15150	,2.52
15152	,3.74
15153	,2.88
15160	,3.38
15165	,3.2
15175	,2
15183	,4.16
15192	,2.49
15201	,3.57
15202	,2.59
15213	,2.57
15214	,3.27
15216	,2.72
1522	,2.41
15222	,3.23
15223	,2.95
15228	,2.91
1523	,3.22
15234	,2.98
15246	,3.45
15251	,3.19
15257	,3.51
15272	,2.83
15276	,3.8
15331	,3.19
15338	,3.09
15371	,3.18
15378	,3.62
15391	,1.98
154	,2.76
15409	,3.37
15410	,3.24
15413	,2.25
15428	,3.67
15438	,1.82
15449	,3.45
15464	,3.7
15469	,3.23
15475	,3.91
15478	,2.54
15480	,4.05
15496	,3.55
15507	,3.57
15510	,2
15515	,3.33
15516	,3.26
15527	,2.32
15529	,3.26
15532	,3.28
15536	,2.39
15539	,3.06
1554	,2.69
15547	,2.74
15557	,4.22
15567	,3.31
15568	,3.95
1557	,2.98
15576	,3.42
15582	,3.37
1559	,3.11
15592	,3.4
156	,3.35
15610	,2.47
15629	,3.58
15632	,2.97
1564	,3.65
15648	,2.87
15657	,3.53
15661	,2.38
15662	,3.9
15670	,2.48
15676	,3.69
15687	,1.47
15691	,2.91
15695	,2.53
15707	,2.96
15712	,3.14
15714	,3.27
15716	,3.66
15726	,2.66
15731	,2.94
15741	,2.73
15754	,2.3
15763	,2.45
15772	,3.45
15785	,3.05
15808	,3.26
15809	,2.53
15816	,3.49
15820	,3.04
15830	,3.35
15836	,4.19
15841	,3.54
15842	,2.57
15855	,3.45
15911	,3.58
15915	,3.01
15929	,3.26
15946	,2.71
15951	,2.09
15955	,3.4
15961	,1.86
15962	,3.24
15981	,2.89
15982	,3.51
15992	,3.37
15993	,2.47
15998	,2.82
1600	,2.91
16000	,2.86
16001	,2.77
16018	,2.47
16021	,3.09
16022	,4.07
16035	,2.53
16042	,2.61
16046	,3.18
16055	,2.86
16066	,3.01
16082	,3.5
1609	,3.19
16091	,3.53
16112	,2.53
16120	,2.63
16122	,1.86
16127	,2.92
16129	,2.61
16131	,2.81
16132	,2.51
16135	,2.83
16147	,4.42
1615	,3.69
16150	,3.72
16153	,3.54
16157	,3.1
16162	,3.35
16169	,2.93
16188	,2.66
16231	,2.92
16232	,2.97
16243	,2.45
16246	,3.58
16247	,3.23
16252	,3.88
16256	,2.53
16262	,3.43
16277	,2.47
16283	,2.54
16286	,3.54
1629	,3.34
16300	,2.89
16311	,3.78
16329	,3.61
16335	,3.24
16342	,3.57
16344	,3.08
16349	,3.95
16396	,3.29
16398	,2.81
16408	,2.9
16410	,3.31
16422	,2.52
1644	,3.66
16444	,3.35
16451	,2.37
16456	,2.19
16467	,2.7
16477	,2.81
16488	,2.55
16494	,2.97
16506	,2.85
16540	,3.33
16545	,3.61
16554	,3.45
16555	,3.86
16559	,3.41
16563	,2.94
16572	,3.07
16576	,2
16589	,2.68
16599	,2.86
16606	,3.4
16613	,1.85
16627	,2.93
16629	,3.59
16663	,3.07
16670	,3.59
1668	,3.2
16685	,3.17
16689	,3.08
16705	,3.61
16707	,3.6
16726	,2.17
16731	,3.73
16733	,3.52
16741	,3.24
1675	,3
16761	,2.04
16762	,1.94
16770	,3.19
16784	,3.78
16787	,2.75
16788	,3.34
16790	,3.2
16797	,3.42
16820	,2.8
16830	,2.42
16849	,2.99
16854	,3.71
16869	,3.33
16889	,3.52
16902	,3.06
16904	,3.02
16906	,2.69
16915	,3.17
16916	,2.81
16928	,2.98
16931	,3.43
16933	,2.17
16948	,3.21
16950	,1.95
16955	,2.96
16970	,2.85
16975	,3.1
16982	,3.47
16986	,3.68
16988	,2.38
16993	,3.43
16996	,3
16999	,2.02
17020	,3.16
17056	,3.28
17065	,2
17068	,2.5
17074	,2.92
17082	,2.82
17085	,4.28
17087	,3.8
17090	,3.04
17104	,3.34
17107	,3.32
17124	,1.73
17137	,2.87
17174	,3.77
17182	,3.76
17196	,3.36
17202	,2.77
17203	,2.84
17232	,2.08
17255	,2.63
17290	,3.48
17304	,3.02
1731	,2.91
17310	,3.58
17324	,3.84
17326	,2.46
17334	,2.86
17337	,3.29
17338	,3.1
17344	,2.77
17348	,3.68
17358	,3.28
17394	,2.67
174	,2.9
17411	,3.72
17423	,3.53
1744	,3.8
17447	,3.09
17454	,3.04
17466	,2.39
17515	,3.68
17522	,3.45
17523	,3.27
17534	,2.17
17536	,3.97
17551	,1.88
17554	,3
17556	,2.51
17558	,3.35
17561	,3.11
1757	,3.53
17574	,3.44
17616	,3.25
17624	,3.4
17626	,3.4
17635	,2.98
17640	,2.91
17642	,3.62
17650	,3.16
17653	,3.21
17654	,3.01
17660	,2.47
17689	,2.06
17693	,2.87
17706	,3.25
17725	,3.43
17728	,2.69
17734	,2.93
17741	,3.21
17742	,2.77
1779	,3.14
1803	,3.42
1807	,2.47
1825	,3.5
1832	,3.54
1841	,2.22
1845	,2.59
1848	,3.59
185	,2.98
1851	,3.36
1853	,3.4
1868	,3.23
1884	,3.03
1889	,3.06
1893	,3.04
1896	,2.54
1898	,2.86
1901	,3.56
1903	,2.37
192	,3
1924	,1.57
1944	,2.67
1951	,2.38
1952	,2.74
1958	,2.8
1966	,2.05
1967	,3.41
1983	,3.26
1993	,2.25
2014	,2.92
2015	,3.67
2028	,2.96
2036	,2.74
2039	,3.37
2042	,2.67
2043	,3.74
2053	,2.95
2058	,2.24
207	,2.56
2079	,3
2083	,3.48
2103	,3.4
2104	,3.25
2106	,3.09
2110	,3.72
2116	,2.3
2130	,3.66
214	,2.65
2147	,3.05
2160	,3.68
2168	,3.53
218	,2.62
2193	,2.52
2198	,3.05
2212	,3.78
222	,2.31
2232	,2.64
2235	,2.73
2243	,3.36
2251	,3.11
2284	,2.91
229	,3.48
2290	,4.19
2298	,2.39
2313	,1.95
2316	,2.63
2342	,3.79
2343	,2.28
2344	,2.78
2352	,3.21
2355	,3.17
2356	,2.37
2366	,3.04
237	,3.39
2375	,3.45
2418	,3.67
2430	,4.11
2432	,2.3
2438	,2.2
2460	,3.25
2492	,3.25
2503	,3.81
2504	,2.32
2506	,3.87
2510	,2.99
2512	,3.31
2518	,3.21
2528	,3.21
2532	,3.97
2544	,3.18
2552	,2.96
2560	,2.15
2562	,2
2565	,2.44
2569	,2.44
259	,3.16
2597	,3.18
2601	,3.93
2604	,2.21
2616	,2.05
2621	,2.67
2629	,2.71
2640	,3.57
2642	,2.25
2643	,3.65
2658	,2.68
2659	,2.86
2660	,3.92
2666	,2.92
2667	,2.1
267	,3.57
2675	,2.45
2678	,2.57
2682	,3.5
2707	,3.1
2715	,2.63
2718	,2.4
2731	,2.77
2745	,2.85
2749	,3.11
2755	,3.68
2756	,3.61
2757	,3.46
276	,1.97
2773	,3.18
2786	,2.83
2789	,3.18
2794	,3.26
28	,3.76
2807	,2.57
2808	,3.72
2818	,3.19
2859	,2.93
2861	,4.05
2866	,3.27
287	,2.94
2886	,3.53
2905	,3.52
2909	,2.81
2913	,4
2918	,2.62
2925	,3.19
2928	,3.81
2931	,2.65
2939	,2.99
2954	,3.68
2955	,3.7
2969	,2.42
2985	,3.87
2988	,2.92
2995	,2.54
3022	,3.01
3032	,3.9
3033	,4.5
3043	,3.02
3044	,3.15
305	,3.5
3054	,3.52
3057	,3.63
3068	,2.95
3069	,2.9
3073	,3.58
3084	,3.09
3094	,2.51
3107	,3.64
3135	,3.22
3143	,3.22
3147	,3.84
3149	,3.2
3151	,3.3
3164	,3.62
3165	,3.51
3170	,3.69
3176	,3.06
318	,2.47
3189	,1.72
3192	,2.82
3196	,2.48
3200	,3.37
3201	,2.84
3220	,2.93
3229	,3.16
323	,2.45
3232	,3.74
3237	,3.34
3243	,3.11
3253	,3.29
3257	,2.48
3269	,3.94
3271	,2.56
3274	,3.55
3281	,3.46
3285	,3.79
3290	,4.34
3298	,2.23
3301	,3.63
3316	,2.77
3326	,3.06
3329	,3.11
3330	,3.11
3351	,2.71
3355	,3.5
3359	,2.97
336	,3.02
3418	,3.07
3440	,2.61
3486	,2.98
3492	,3.13
3498	,3.33
3538	,3.52
3541	,3.73
3546	,3.36
3559	,3.5
3568	,3.45
3584	,2.86
3586	,2.67
3587	,3.39
359	,4.08
3590	,3.61
3598	,2.97
361	,3.57
3613	,3.26
3638	,3.37
3647	,2.66
3652	,3.04
3655	,2.03
3658	,2.37
3670	,3.03
3685	,3.71
3702	,3.72
3705	,2.94
3706	,3.16
3722	,2.71
3727	,3.01
3733	,3.78
3734	,3.13
3740	,3.54
3742	,3.96
3743	,3.13
3760	,3.31
380	,2.97
3824	,3.38
3848	,2.61
3861	,2.73
3862	,2.68
3874	,2.29
3878	,2.28
3881	,2.86
3889	,2.72
3890	,2.93
3891	,2.46
3893	,3.47
3903	,3.58
3904	,2.83
3914	,3.59
3928	,4.23
3941	,3.52
3943	,3.18
3944	,2.88
395	,3.94
3955	,3.62
3977	,2.97
3978	,2.95
398	,2.83
3994	,2.7
4002	,2.97
4005	,3.55
4008	,3.45
4023	,2.16
4032	,2.74
4042	,2.99
4049	,3.81
4061	,3.21
4064	,3.2
4076	,2.01
409	,3.52
4095	,2.41
4119	,3.26
4122	,3.15
4128	,2.88
4129	,4.19
4144	,3.28
4152	,2.86
4160	,2.93
417	,3.91
4189	,3.37
4190	,3.05
4207	,4.23
4215	,3.1
4218	,2.65
4224	,3.54
4238	,4.37
4239	,2.59
4257	,3.3
4264	,3.12
4268	,3.18
4272	,2.75
4283	,2.75
4299	,3.43
43	,2.31
4329	,2.51
4346	,3.02
4359	,2.82
4385	,3.71
4394	,1.97
440	,2.55
4405	,3.93
442	,3.85
4429	,3.04
443	,3.83
4432	,3.67
4439	,2.88
4441	,3.37
4445	,3.06
4468	,4.01
4485	,3.42
4496	,3.7
450	,2.53
4513	,3.13
4518	,3.54
452	,2.92
4538	,2.23
4544	,1.75
4546	,3.33
4552	,3.47
4556	,2.39
4563	,2.97
4566	,3
4569	,2.72
4574	,2.81
4586	,3.23
4613	,3.01
4619	,2.83
4627	,3.59
4637	,2.5
4640	,4.05
4645	,2.51
4647	,2.71
4685	,3.02
4694	,1.97
4737	,2.7
4742	,2.38
4750	,2.68
4761	,3.28
4768	,3.62
48	,3.62
481	,2.8
4811	,2.57
4837	,2.22
4840	,3.19
4847	,3.99
4849	,3.59
4852	,3.07
4858	,2.97
4868	,3.9
4875	,1.79
4876	,3.22
4880	,2.12
4901	,2.44
4902	,3.43
4918	,2.88
4921	,2.41
4932	,3.46
4935	,2.81
4943	,3.23
4952	,2.95
4963	,3.48
4966	,2.86
4981	,2.98
4986	,2.09
5008	,3.31
5025	,3.82
5026	,3.53
5027	,2.95
5062	,2.91
5069	,3.57
507	,3.54
5096	,2.7
5098	,2
510	,2.9
5123	,2.8
5129	,3.09
5131	,2.7
5142	,3.1
5143	,3.5
5149	,3.51
5157	,2.53
5159	,1.68
5160	,2.59
5175	,2.84
518	,3.75
5206	,3.52
5220	,2.85
5225	,3.07
5267	,3.09
5272	,3.31
5284	,3.44
5294	,3.75
5311	,2.4
5326	,4.19
5327	,3.57
5336	,3.1
5337	,2.68
5342	,2.82
5361	,3.16
5364	,3.03
5367	,3.01
5369	,3.87
5408	,3.77
541	,2.31
5425	,2.96
5426	,2.93
543	,3.06
5465	,2.8
5474	,2.49
5484	,2.92
5485	,3.26
5552	,3
5556	,3.42
5562	,3.66
5568	,2.49
557	,2.4
5577	,3.95
5604	,2.53
5607	,3.39
5623	,2.85
5640	,3.13
5641	,2.16
5651	,3.02
5656	,3.62
566	,2.93
5699	,3.65
5700	,4.18
5716	,2.98
5727	,3.59
5729	,2.32
5748	,2.99
5760	,4.41
5766	,2.6
577	,4.18
578	,2.4
5785	,2.74
5790	,2.26
5799	,3.17
5813	,3.49
5814	,3.01
5827	,2.74
583	,2.83
5835	,2.59
5849	,3.13
5877	,3.29
5883	,3.48
5897	,2.99
5898	,3.98
5901	,3.03
5911	,2.61
5921	,2.97
594	,2.35
5941	,3.4
5943	,3.41
5945	,3.84
595	,3.81
5958	,3.53
5963	,3.72
5966	,2.51
5970	,3.62
5979	,2.69
6013	,3.02
6014	,3.17
606	,3.26
6066	,3.42
6069	,2.42
6085	,3.94
6086	,3.25
6093	,3.79
61	,2.39
6103	,2.02
6110	,3.6
6121	,2.26
6131	,3.39
6136	,2.68
6137	,2.47
6140	,2.44
6172	,3.45
6177	,3.52
6190	,3.64
6200	,2.84
6208	,1.74
6215	,3.1
6220	,3.6
6226	,3.38
6228	,3.61
6230	,2.95
6234	,3.22
6250	,2.52
6252	,2.47
6257	,2.3
626	,3.5
6260	,2.68
6276	,2.36
6277	,2.1
6281	,3.63
6285	,2.8
6287	,3.73
6289	,2.39
6291	,3.08
6308	,2.63
6315	,2.76
6318	,3.29
6334	,3.04
6336	,3.4
6338	,2.63
634	,4.2
6347	,2.87
6354	,2.28
6356	,2.71
6358	,2.51
636	,3.46
6363	,1.64
638	,3.41
6389	,3.57
6390	,2.48
6395	,3.2
64	,2.47
6400	,3.47
6405	,2.75
6406	,3.11
6408	,3.8
6417	,2.66
6419	,2.72
642	,3.85
6424	,3.78
6446	,2.72
6448	,3.01
6466	,2.74
6467	,2.97
647	,3.32
6480	,2.33
6481	,2.55
6482	,3.42
6522	,3.76
6523	,3.38
6529	,3.47
6536	,2.83
6537	,2.12
6541	,3.55
6543	,3.21
655	,3.26
6550	,2.99
6556	,3.42
6562	,2.66
6566	,3.53
6567	,3
6593	,3.03
66	,2.14
6611	,2.57
6619	,3.1
6629	,2.73
6650	,3.8
666	,2.95
6663	,2.88
6666	,3.49
6668	,2.48
6678	,2.52
6680	,2.9
669	,2.11
6714	,3.38
6737	,2.83
6743	,2.71
6748	,3.33
6756	,4.04
681	,3.41
6830	,2.62
6839	,2.27
6871	,3.06
6872	,3.54
6885	,2.73
6889	,2.41
6892	,3.68
6894	,2.54
6901	,3.2
6911	,3.39
6912	,3.59
6914	,3.02
6917	,3.27
6919	,2.66
6932	,3.11
6939	,3.85
6946	,3.4
6965	,3.08
6971	,4.07
6975	,1.91
6979	,2.89
6985	,3.26
6988	,3.22
6991	,2.8
6998	,2.35
7011	,2.81
7016	,4.32
7022	,2.9
7030	,3.12
7033	,2.16
7061	,2.32
7063	,2.05
7067	,2.93
7068	,2.32
7075	,2.42
7077	,2.9
7084	,2.36
7089	,1.68
7109	,2.77
7116	,2.65
712	,4.04
7132	,2.54
7136	,2.31
7137	,3.29
7145	,3.54
7147	,3.99
7148	,3.6
718	,3.21
7186	,3.44
7188	,3.1
722	,4.04
723	,2.97
7236	,2.42
7238	,2.94
7244	,3.42
7247	,3.22
725	,3.49
7255	,2.55
7257	,3.34
7262	,3.35
7273	,3.22
7283	,3.4
7292	,3.03
7299	,2.69
7329	,2.45
7334	,3.85
7339	,2.39
735	,2.32
7382	,3.55
7386	,3.01
7387	,3.74
740	,2.7
7400	,3.98
7406	,3.52
7408	,3.28
7418	,2.02
7437	,2.9
7442	,2.66
7445	,4.2
7458	,2.12
7466	,2.79
7476	,3.03
7495	,2.91
7503	,2.41
7505	,3.83
7511	,3.58
7512	,2.41
7516	,3.91
7517	,3.43
7518	,2.27
7524	,2.99
7527	,2.47
7537	,3.88
7544	,3.1
7551	,3.21
7557	,3.6
7567	,2.27
7569	,4.38
7571	,3.32
7577	,3.99
7587	,2.06
7607	,3.06
761	,2.53
7625	,2.99
7638	,3.7
7656	,3.11
7681	,3.46
7698	,2.88
7721	,3.18
7726	,2.23
7736	,3.61
7747	,3.22
7763	,3.66
7768	,2.51
7770	,2.67
7776	,3.29
779	,2.49
7801	,3.63
7802	,2.22
7806	,3.11
7812	,3.83
7822	,2.53
7823	,3.7
7838	,2.38
7858	,3.43
7868	,3.01
7899	,2.85
790	,2.84
7901	,2.25
7903	,3.97
7906	,3.06
7916	,3.48
7919	,3.37
7921	,2.02
7923	,3
7931	,2.87
7939	,2.78
795	,3.11
7950	,2.63
7968	,3.06
797	,3.01
7973	,3.56
7991	,3.14
8	,3.06
8002	,2.53
8005	,2.65
8007	,2.72
8008	,2.96
8017	,3.64
8023	,2.13
8029	,3.71
8039	,3.49
8051	,2.91
8052	,2.74
8058	,2.33
8072	,3.91
8085	,3.57
8096	,3.33
8107	,3.81
8121	,2.99
8128	,3.26
813	,2.68
815	,2.87
816	,3.08
8162	,3.18
8163	,3.42
8166	,3.42
8182	,2.3
8200	,2.7
8206	,2.94
8207	,2.52
8220	,2.57
8249	,2.8
826	,2.61
8260	,2.83
8268	,2
827	,2.45
8307	,2.6
8315	,3.43
834	,2.96
8341	,2.85
8352	,2.62
8354	,3.7
8365	,2.59
8384	,2.92
8390	,2.7
8392	,3.38
8401	,1.96
8422	,2.43
8428	,3.49
8435	,2.42
844	,2.64
8448	,2.94
8452	,3.01
8458	,2.81
8488	,3.16
849	,3.24
8491	,1.93
8493	,3.46
8495	,2.35
850	,3.28
851	,3.84
8512	,3.42
852	,2.92
8526	,3.81
8534	,2.99
8537	,2.28
855	,2.45
8560	,2.94
8561	,3.11
8566	,2.67
8582	,2.74
8594	,2.82
8596	,4.1
8628	,2.47
865	,3.17
8654	,3.9
8657	,2.74
8661	,2.34
8677	,3.83
8678	,3.96
8692	,3.11
8697	,2.81
8699	,3.56
8703	,3.42
8706	,2.53
8718	,2.71
8738	,2.52
8766	,2.38
8770	,3.71
878	,2.57
8781	,3.45
8798	,1.89
8804	,2.66
8825	,3.61
8842	,3.36
8849	,3.18
885	,2.97
8851	,3.64
8867	,3.05
888	,2.43
8889	,2.98
8896	,2.83
8905	,2.88
8915	,3.97
8919	,2.76
8920	,2.7
8921	,2.32
8933	,4.11
8951	,3.82
8977	,3.44
8994	,3.07
9025	,3.02
9028	,3.68
9043	,3.39
9046	,3.9
9059	,2.87
907	,4.01
9087	,3.05
909	,2.93
9093	,2.5
9107	,2.56
911	,2.96
9130	,3.3
9131	,3.06
9152	,3.05
916	,3.51
9167	,2.14
9186	,2.2
9187	,2.95
9199	,3.47
92	,3.09
9202	,3.66
923	,3.18
9230	,3.29
9237	,3.4
9256	,3.1
9297	,3.34
930	,3.08
9310	,3.5
9324	,3.64
9337	,3.76
9343	,2.6
9376	,3.03
9401	,2.02
9404	,2.75
9410	,2.94
9421	,2.96
9422	,2.96
9423	,3.32
946	,2.41
9481	,3.66
9482	,3.6
949	,3.26
9492	,3.05
9517	,3.23
9518	,2.41
9528	,4.07
9530	,2.67
9537	,2.96
9550	,2.25
9551	,2.81
9567	,3.81
9568	,2.76
96	,3.01
960	,3.49
9600	,1.79
9602	,2.19
9607	,3.3
9612	,2.83
9617	,3.41
9620	,2.94
9629	,3.01
9632	,2.38
9640	,3.27
9650	,2.69
9672	,3.43
9681	,3.53
9689	,3.93
9691	,3.5
9696	,1.61
9697	,2.79
9699	,3.44
9701	,3.77
9716	,2.72
9717	,3.33
9719	,1.98
9720	,2.76
9728	,3.82
9730	,2.22
9735	,2.86
9744	,2.42
9747	,3.68
9750	,2.69
9752	,3.21
9767	,3.15
9798	,3.39
9805	,3.7
9817	,2.92
9819	,3.68
9824	,3.05
9831	,3.29
9843	,3.29
9854	,3.53
9855	,2.67
9867	,2.98
9875	,2.87
9885	,2.48
9890	,3.18
9897	,2.07
992	,3.84
9920	,2.97
9930	,2.24
9945	,3.31
9946	,3.86
9953	,2.53
9967	,2.76
9973	,3.29
9989	,2.55
9993	,3.68
9997	,3.4
